[[[[0.         0.         0.         ... 0.         0.2976632
    0.        ]
   [0.         0.         0.         ... 0.         0.43079716
    0.        ]
   [0.         0.         0.         ... 0.         0.2379753
    0.        ]
   [0.         0.         0.         ... 0.         0.51720023
    0.        ]]

  [[0.80875915 0.         0.         ... 0.         0.00540668
    0.        ]
   [0.41836044 0.         0.         ... 0.         0.0371117
    0.        ]
   [0.         0.         0.         ... 0.         0.
    0.        ]
   [0.32768798 0.         0.         ... 0.         0.5491272
    0.        ]]

  [[0.97531486 0.         0.         ... 0.         0.13058019
    0.        ]
   [0.5327232  0.         0.         ... 0.         0.01950979
    0.        ]
   [0.09195149 0.         0.         ... 0.         0.
    0.        ]
   [0.38639715 0.         0.         ... 0.         0.3728269
    0.        ]]

  [[0.2027491  0.         0.         ... 0.         0.5656203
    0.        ]
   [0.08921835 0.         0.         ... 0.         0.55386895
    0.        ]
   [0.         0.         0.         ... 0.         0.53273517
    0.        ]
   [0.00532043 0.         0.         ... 0.         0.7200428
    0.        ]]]]